*Frequency 	VM1-abs (dB)	VM1-phase (deg)
1000	-48,2849333179665	176,328303548521
1020,93141269344	-47,9250432851516	176,251337018744
1042,30094942422	-47,5651521670753	176,172751841186
1064,11778074737	-47,2052599240801	176,092513655814
1086,39126917062	-46,8453665153712	176,010587352618
1109,13097317218	-46,4854718990149	175,926937053957
1132,34665130272	-46,1255760319411	175,841526096414
1156,04826637316	-45,7656788699508	175,754317012137
1180,24598973015	-45,4057803677274	175,665271509655
1204,95020562097	-45,0458804788556	175,57435045414
1230,17151564986	-44,6859791558445	175,481513847099
1255,92074332764	-44,3260763501595	175,386720805474
1282,20893871647	-43,9661720122616	175,289929540126
1309,04738317196	-43,6062660916554	175,191097333682
1336,4475941844	-43,246358536947	175,090180517712
1364,42133032142	-42,8864492959134	174,987134449224
1392,9805962741	-42,5265383155832	174,881913486432
1422,13764800866	-42,1666255423317	174,774470963781
1451,90499802601	-41,8067109219903	174,664759166196
1482,29542073135	-41,4467943999724	174,552729302516
1513,32195791627	-41,0868759214183	174,438331478088
1544,99792435545	-40,7269554313591	174,321514666481
1577,33691352064	-40,3670328749037	174,20222668029
1610,35280341413	-40,0071081974496	174,080414140973
1644,05976252442	-39,647181344921	173,956022447705
1678,4722559065	-39,2872522640366	173,828995745188
1713,60505138936	-38,9273209026095	173,699276890377
1749,47322591354	-38,5673872098831	173,566807418077
1786,09217200126	-38,2074511369062	173,43152750536
1823,47760436193	-37,8475126369515	173,293375934743
1861,64556663607	-37,4875716659807	173,152290056088
1900,61243828023	-37,1276281831623	173,008205747145
1940,39494159616	-36,7676821514454	172,861057372699
1981,01014890696	-36,4077335381961	172,710777742239
2022,47548988362	-36,0477823159023	172,55729806609
2064,80875902473	-35,6878284629524	172,400547909946
2108,0281232929	-35,3278719644966	172,240455147709
2152,15212991091	-34,9679128133962	172,07694591258
2197,19971432114	-34,6079510112719	171,909944546303
2243,19020831149	-34,247986569658	171,739373546487
2290,14334831153	-33,8880195112734	171,565153511912
2338,07928386217	-33,5280498714202	171,387203085725
2387,01858626266	-33,1680776995214	171,205438896433
2436,98225739863	-32,8081030608107	171,019775496582
2487,99173875482	-32,4481260381885	170,83012529902
2540,06892061656	-32,0881467342582	170,636398510635
2593,23615146375	-31,7281652735615	170,438503063435
2647,51624756158	-31,3681818050284	170,236344542866
2702,93250275187	-31,0081965046625	170,029826113232
2759,50869844947	-30,6482095784839	169,81884844007
2817,26911384784	-30,2882212657502	169,603309609373
2876,23853633826	-29,9282318424841	169,383105043473
2936,44227214712	-29,5682416253325	169,158127413477
2997,90615719588	-29,2082509757878	168,928266548067
3060,65656818834	-28,8482603048045	168,693409338514
3124,72043392997	-28,4882700778453	168,453439639745
3190,12524688417	-28,1282808203955	168,208238167277
3256,89907497045	-27,7682931239877	167,957682389854
3325,07057360953	-27,4083076527812	167,701646417582
3394,66899802055	-27,0483251507466	167,44000088541
3465,72421577573	-26,6883464495075	167,172612831723
3538,26671961777	-26,3283724768986	166,899345571886
3612,32764054554	-25,9684042663026	166,620058566526
3687,9387611737	-25,6084429668344	166,334607284351
3765,13252937195	-25,2484898544472	166,042843059317
3843,94207218971	-24,8885463440395	165,744612941931
3924,40121007238	-24,5286140026534	165,439759544499
4006,54447137502	-24,1686945638551	165,128120880134
4090,40710717998	-23,8087899434033	164,80953019532
4176,02510642453	-23,4489022563151	164,483815795868
4263,43521134525	-23,0890338354499	164,150800866098
4352,67493324564	-22,7291872517425	163,810303281091
4443,78256859378	-22,369365336225	163,462135411879
4536,79721545692	-22,0095712039912	163,10610392348
4631,75879028008	-21,6498082802677	162,742009565683
4728,70804501588	-21,2900803287691	162,369646956549
4827,68658461288	-20,9303914825299	161,988804358634
4928,73688486997	-20,5707462774203	161,599263447975
5031,90231066455	-20,2111496885673	161,200799075957
5137,22713456212	-19,8516071699231	160,793179024236
5244,75655581556	-19,4921246972368	160,376163752982
5354,53671976194	-19,1327088147077	159,949506142808
5466,61473762543	-18,7733666856161	159,512951230829
5581,03870673469	-18,4141061472503	159,066235941479
5697,8577311634	-18,0549357704694	158,60908881279
5817,12194280287	-17,6958649242635	158,141229719078
5938,88252287571	-17,3369038457	157,662369591101
6063,19172389986	-16,9780637156626	157,172210135047
6190,10289211223	-16,6193567408209	156,670443551882
6319,67049036187	-16,2607962422873	156,156752258952
6451,95012148216	-15,9023967514458	155,630808615971
6586,99855215237	-15,5441741134601	155,092274657973
6724,87373725853	-15,1861455989884	154,540801838134
6865,63484476434	-14,8283300246577	153,976030783894
7009,34228110254	-14,4707478828636	153,397591070277
7156,05771709785	-14,1134214814781	152,805101014903
7305,84411443247	-13,7563750940593	152,198167499821
7458,76575266557	-13,3996351211566	151,576385825988
7614,88825681828	-13,0432302633053	150,939339607009
7774,27862553614	-12,6871917062882	150,286600709626
7937,005259841	-12,331553319219	149,617729249349
8103,1379924847	-11,9763518659617	148,932273650704
8272,74811791726	-11,6216272303467	148,229770782635
8445,90842288223	-11,2674226555641	147,509746180836
8622,69321765255	-10,9137849980219	146,771714370063
8803,17836792013	-10,5607649958199	146,015179300823
8987,44132735299	-10,2084175518394	145,23963491631
9175,56117083386	-9,8568020312428	144,444565866886
9367,61862839445	-9,50598257294207	143,629448390998
9563,6961198601	-9,15602841430252	142,793751382877
9763,8777902195	-8,80701422800527	141,936937668918
9968,24954573486	-8,45902046958598	141,058465516039
10176,8990908078	-8,11213373369591	140,157790396608
10389,9159656169	-7,76644711658594	139,23436703563
10607,3915845434	-7,42206058169235	138,287651766658
10829,4192754003	-7,07908132449991	137,317105223339
11056,094319484	-6,73762413207072	136,322195393366
11287,5139924627	-6,39781173175914	135,302401060883
11523,7776061219	-6,05977512268554	134,25721566184
11764,986550983	-5,7236538825239	133,18615157426
12011,2443398143	-5,38959644108519	132,088744861723
12262,6566520527	-5,05776031106751	130,964560483339
12519,3313791547	-4,72831226522631	129,813197976904
12781,3786708977	-4,40142844812749	128,634297613664
13048,9109826493	-4,07729440963125	127,427547012895
13322,043123627	-3,7561050463722	126,192688192314
13600,8923061674	-3,4380644368171	124,929525016012
13885,5781960268	-3,12338555507745	123,637930985249
14176,2229637348	-2,81228984861263	122,317857299051
14472,9513370229	-2,5050066653772	120,969341091512
14775,8906543502	-2,20177251693572	119,592513731283
15085,1709195494	-1,9028301656855	118,187609046637
15400,9248576176	-1,60842752667169	116,754971317366
15723,287971673	-1,3188163776171	115,295062853786
16052,3986011058	-1,03425087475452	113,808470964204
16388,3979809451	-0,754985876841156	112,295914096944
16731,4303024685	-0,481275085302302	110,758246932657
17081,6427750809	-0,213369014684119	109,196464198794
17439,185689488	0,0484871856755743	107,611702982122
17804,2124821921	0,30405603086505	106,005243328296
18176,8798013385	0,553110085671093	104,378506940667
18557,3475739393	0,795434394529383	102,73305382416
18945,779074505	1,03082890902281	101,070576764049
19342,3409951121	1,2591108612343	99,3928935830643
19747,2035169379	1,48011702827739	97,7019371818501
20160,5403832923	1,69370583225645	95,9997434351267
20582,5289741776	1,89975922100563	94,2884370861301
21013,3503824107	2,0981842783562	92,5702158514823
21453,1894913368	2,28891451838817	90,8473330139967
21902,2350541704	2,47191082598091	89,1220788382712
22360,6797749979	2,6471620156864	87,3967611898791
22828,7203914741	2,81468499207096	85,6736857706813
23306,5577592511	2,97452450665671	83,9551363982411
23794,3969381734	3,12675251883428	82,2433557555449
24292,4472802778	3,27146717997463	80,5405270183095
24800,9225196348	3,40879147084166	78,8487567323288
25320,0408640712	3,53887153176753	77,1700592647602
25850,0250888118	3,66187473248972	75,506343093963
26391,1026320814	3,77798753378833	73,8593991359865
26943,5056927083	3,8874131959855	72,230891235774
27507,4713297703	3,99036939000446	70,6223488812884
28083,2415643266	4,08708576519906	69,035162132369
28671,063483279	4,17780152482566	67,4705786960224
29271,1893454072	4,26276305519044	65,9297030281362
29883,8766896236	4,34222164855577	64,4134972996692
30509,3884454939	4,41643135323458	62,9227840338918
31147,9930460708	4,48564697732437	61,4582502001984
31799,9645430904	4,55012226557782	60,0204525388442
32465,5827245785	4,61010826226305	58,6098238886732
33145,1332349195	4,66585186675824	57,2266802952163
33838,9076974386	4,71759458320996	55,8712286880232
34547,2038395487	4,76557146096073	54,5435749322387
35270,3256205186	4,81001021865625	53,243732078848
36008,5833619135	4,85113054197271	51,9716286593649
36762,2938807677	4,88914354271493	50,727116892897
37531,7806255435	4,92425136555993	49,5099806955581
38317,3738149362	4,95664692787133	48,319943403359
39119,4105795853	4,98651377769442	47,1566751394596
39938,2351067506	5,01402605516505	46,0197997746304
40774,1987880175	5,03934854303417	44,9089014457337
41627,6603700937	5,06263679274055	43,82353061091
42498,9861087623	5,08403731337877	42,7632096319415
43388,5499260574	5,10368781194509	41,7274378840523
44296,7335707294	5,12171747434211	40,7156964013344
45223,9267820695	5,13824727774363	39,7274520722207
46170,5274571628	5,15339032602473	38,7621614041588
47136,9418216423	5,16725220102642	37,819273880062
48123,5846040176	5,17993132342804	36,8982349314175
49130,8792136518	5,19151931793191	35,9984885543092
50159,257922464	5,20210137831717	35,1194795952059
51209,1620504357	5,21175662868922	34,2606557333584
52281,0421549984	5,22055847793702	33,421469186149
53375,3582243876	5,22857496501751	32,6013781628692
54492,5798750422	5,23586909321452	31,7998480912678
55633,1865531368	5,24249915197884	31,0163526398845
56797,6677403314	5,24851902534713	30,2503745577453
57986,5231638289	5,25397848627029	29,5014063514825
59200,2630108285	5,25892347646153	28,7689508184178
60439,4081474681	5,2633963716047	28,052521452628
61704,4903423498	5,2674362319539	27,3516427395366
62996,0524947437	5,27107903850869	26,6658503531563
64314,6488675685	5,27435791506999	25,9946912687563
65660,845325249	5,27730333657732	25,3377238024631
67035,2195765516	5,27994332419887	24,6945175881158
68438,3614225036	5,28230362769826	24,0646535006035
69870,8730095005	5,28440789563755	23,4477235338973
71333,3690877131	5,28627783399821	22,8433306410683
72826,4772749011	5,28793335381313	22,2510885427347
74350,8383257513	5,28939270840472	21,6706215096185
75907,1064068505	5,2906726208189	21,1015641241966
77495,9493774169	5,2917884020343	20,5435610258103
79118,0490759052	5,29275406051053	19,9962666430338
80774,1016126125	5,29358240362042	19,4593449166036
82464,8176684076	5,29428513149092	18,9324690157619
84190,922799714	5,2948729237537	18,415321050469
85953,1577498761	5,29535551968324	17,9075917815869
87752,2787670428	5,29574179217548	17,4089803308238
89589,0579287052	5,29603981599585	16,9191938919513
91464,2834730271	5,29625693070077	16,4379474445664
93378,7601371103	5,29639979861284	15,9649634714522
95333,3095023416	5,29647445820675	15,4999716804101
97328,7703469662	5,29648637323977	15,0427087312665
99365,9990060432	5,29644047793956	14,5929179686206
101445,869738934	5,29634121854074	14,1503491607722
103569,275104484	5,29619259144189	13,7147582451644
105737,126344056	5,29599817823592	13,285907080581
107950,353772582	5,29576117784886	12,8635632062631
110209,907177798	5,29548443600508	12,4474996080382
112516,756227842	5,29517047222155	12,0374944914992
114871,890887374	5,29482150451849	11,6333310622228
117276,321842413	5,29443947201998	11,2347973129732
119731,080934064	5,29402605560501	10,8416858178067
122237,221601326	5,2935826967575	10,4537935329612
124795,819333163	5,29311061475208	10,0709216043934
127407,972130041	5,29261082230204	9,69287518180824
130074,800975129	5,29208413978627	9,31946323900998
132797,450315356	5,29153120816236	8,95049840039281
135577,088552542	5,29095250066483	8,58579677338148
138414,90854481	5,29034833337953	8,22517778662618
141312,128118486	5,28971887477797	7,86846403375311
144269,990590721	5,28906415428835	7,51548112246807
147289,765303054	5,28838406997411	7,16605752881367
150372,748166131	5,28767839538446	6,82002445637863
153520,262215843	5,28694678563678	6,47721570026158
156733,658181087	5,28618878278464	6,13746751559439
160014,315063427	5,28540382052193	5,80061849043393
163363,640728878	5,28459122826784	5,46650942283471
166783,072512076	5,28375023467492	5,13498320192216
170274,077833105	5,28287997059746	4,80588469278821
173838,154827224	5,28197947155508	4,47906062503986
177476,832987779	5,28104767972264	4,15435948483476
181191,67382257	5,28008344547482	3,83163141024495
184984,271523964	5,27908552851124	3,51072808979657
188856,253653027	5,27805259858517	3,19150266403776
192809,281837975	5,27698323585676	2,87380962999532
196845,052487251	5,27587593088951	2,5575047483855
200965,297517522	5,27472908430672	2,24244495345072
205171,785096921	5,27354100612272	1,92848826530087
209466,320403833	5,27230991476209	1,61549370464317
213850,746401581	5,27103393577844	1,30332120979067
218326,944629312	5,26971110028261	0,991831555846258
222896,836009445	5,26833934308924	0,680886275963449
227562,38167202	5,26691650058859	0,370347584592536
232325,583796298	5,26544030835022	0,060078302625101
237188,486469982	5,26390839846314	-0,25005821564336
242153,176566417	5,26231829661652	-0,560198153808909
247221,784640155	5,26066741892376	-0,870477302981694
252396,485841266	5,25895306849185	-1,18103112980064
257679,500848782	5,25717243173717	-1,49199484289944
263073,096823687	5,25532257444789	-1,80350345787752
268579,588381844	5,25340043759218	-2,11569186082526
274201,338587297	5,25140283287134	-2,42869487044621
279940,759966361	5,24932643801521	-2,7426472988159
285800,315542931	5,24716779181759	-3,05768401080919
291782,519895474	5,24492328890793	-3,37393998222528
297889,940236137	5,24258917425544	-3,69155035663283
304125,197512443	5,24016153740097	-4,01065050095316
310490,967532048	5,2376363064113	-4,3313760597937
316989,982111045	5,23500924155046	-4,65386300853957
323625,030246297	5,23227592866137	-4,97824770520426
330398,959312308	5,22943177225137	-5,30466694103622
337314,676283156	5,22647198827433	-5,63325798987254
344375,148979991	5,22339159660143	-5,96415865622379
351583,407344655	5,22018541317281	-6,29750732207021
358942,54473995	5,21684804182118	-6,63344299234192
366455,719277134	5,2133738657587	-6,97210533905038
374126,155171194	5,20975703871759	-7,31363474403198
381957,144124491	5,2059914757349	-7,65817234025726
389952,046739366	5,2020708435713	-8,00586005165364
398114,293960318	5,19798855075356	-8,35684063138166
406447,388546358	5,19373773723015	-8,71125769849702
414954,906574191	5,18931126362897	-9,06925577292434
423640,498972861	5,18470170010612	-9,43098030865936
432507,893090515	5,17990131477447	-9,79657772510828
441560,894293962	5,17490206170029	-10,1661954364649
450803,387601711	5,16969556845671	-10,5399818790163
460239,339351202	5,16427312322199	-10,9180865362584
469872,798900917	5,15862566141116	-11,3006599616942
479707,900368131	5,15274375182918	-11,6878537991745
489748,864403038	5,14661758233413	-12,0798208006332
500000	5,14023694499893	-12,4767148410555